# Kalibr output

# distortion: [-0.1677688   0.03957194  0.00098547  0.00144543] +- [0.00321081 0.00249626 0.000831   0.00058145]
# projection: [488.16287971 487.55996083 521.53999069 379.75512811] +- [7.0424758  6.97846214 2.60057979 5.10704431]
# reprojection error: [0.000005, -0.000005] +- [0.294411, 0.282869]


K: [503.7718, 502.5376, 508.9255, 366.4694]
D: [-0.1687002, 0.04329177, 0.00064889, -0.00098884, 0]
R: [1, 0, 0, 0, 1, 0, 0, 0, 1]
tf: [-0.02485063, -0.1680816, -0.02778174, 0.8568301, 1.660538, -53.93634]
tf_ref: [ 2.242, 0, 0.448, 0.0, 0.0, 0.0 ]
width: 1032
height: 772
