#distortion: [-0.17337064  0.04212147  0.00125598 -0.00080283] +- [0.00116678 0.00073131 0.00025671 0.00027131]
#projection: [502.43358157 502.49815252 521.44645238 399.26668792] +- [1.50563584 1.59496249 1.27142261 1.39490653]
#reprojection error: [0.000016, -0.000002] +- [0.438078, 0.508346]


K: [502.4336, 502.4981, 521.4465, 399.2667]
D: [-0.1733706, 0.04212147, 0.00125598, -0.00080283, 0]
R: [1, 0, 0, 0, 1, 0, 0, 0, 1]
tf: [0.107507, -0.1624722, -0.04646016, -0.002372254, -0.07073569, -10.27835]
tf_ref: [ 1.549, -0.267, +0.543, 0.0, 0.0, +240.0 ]
width: 1032
height: 772