# Kalibr output

# distortion: [-0.16870018  0.04329177  0.00064889 -0.00098884] +- [0.00273198 0.00231826 0.00090682 0.00067406]
# projection: [503.77182913 502.53758904 508.9255191  366.46940975] +- [6.12635699 6.15416611 3.08480284 5.49481226]
# reprojection error: [-0.000004, -0.000001] +- [0.280343, 0.264004]

K: [498.7718, 502.5376, 508.9255, 366.4694]
D: [-0.1687002, 0.04329177, 0.00064889, -0.00098884, 0]
R: [1, 0, 0, 0, 1, 0, 0, 0, 1]
tf: [-0.05921814, 0.16732734, -0.0009641717, -1.297074, -1.660934, 52.95438]
tf_ref: [ 2.242, 0, 0.448, 0.0, 0.0, 0.0 ]
width: 1032
height: 772